image_width: 640
image_height: 480
camera_name: rgb_Astra_Orbbec
camera_matrix:
  rows: 3
  cols: 3
  data: [522.9679059305618, 0, 303.4479473871291, 0, 526.7106819843417, 287.6153903648012, 0, 0, 1]
distortion_model: plumb_bob
distortion_coefficients:
  rows: 1
  cols: 5
  data: [0.08111402299244967, -0.09248211951634339, -0.003170210884463759, -0.004650968711896081, 0]
rectification_matrix:
  rows: 3
  cols: 3
  data: [1, 0, 0, 0, 1, 0, 0, 0, 1]
projection_matrix:
  rows: 3
  cols: 4
  data: [532.9425048828125, 0, 300.3795487954994, 0, 0, 538.9840087890625, 286.3842467435243, 0, 0, 0, 1, 0]