image_width: 640
image_height: 480
camera_name: rgb_Astra_Orbbec
camera_matrix:
  rows: 3
  cols: 3
  data: [586.862073, 0.000000, 320.532352, 0.000000, 586.961987, 250.627161, 0.000000, 0.000000, 1.000000]
distortion_model: plumb_bob
distortion_coefficients:
  rows: 1
  cols: 5
  data: [0.145398, -0.244092, -0.010318, 0.002353, 0.000000]
rectification_matrix:
  rows: 3
  cols: 3
  data: [1.000000, 0.000000, 0.000000, 0.000000, 1.000000, 0.000000, 0.000000, 0.000000, 1.000000]
projection_matrix:
  rows: 3
  cols: 4
  data: [602.359009, 0.000000, 321.878996, 0.000000, 0.000000, 601.190857, 246.838632, 0.000000, 0.000000, 0.000000, 1.000000, 0.000000]
